11.539999961853027
13.529999732971191
16.56999969482422
20.940000534057617
26.170000076293945
32.529998779296875
38.47999954223633
44.0099983215332
48.5
50.810001373291016
52.7400016784668
53.619998931884766
54.02000045776367
53.72999954223633
53.52000045776367
53.150001525878906
53.40999984741211
53.36000061035156
53.599998474121094
53.52000045776367
53.41999816894531
53.54999923706055
53.72999954223633
54.27000045776367
54.81999969482422
55.709999084472656
56.58000183105469
57.5
58.90999984741211
59.70000076293945
60.91999816894531
61.81999969482422
62.540000915527344
63.15999984741211
64.26000213623047
64.9800033569336
65.55000305175781
66.51000213623047
67.45999908447266
68.31999969482422
68.58999633789062
69.19000244140625
70.12000274658203
70.4800033569336
70.72000122070312
71.16999816894531
71.70999908447266
72.0999984741211
72.61000061035156
73.05000305175781
73.63999938964844
74.16999816894531
74.8499984741211
74.93000030517578
75.05000305175781
75.43000030517578
75.80000305175781
76.19000244140625
76.33000183105469
76.55000305175781
77.02999877929688
77.25
77.41999816894531
77.6500015258789
77.88999938964844
78.08999633789062
78.16000366210938
78.2300033569336
78.54000091552734
78.66000366210938
78.80000305175781
79.19999694824219
79.45999908447266
79.3499984741211
79.51000213623047
79.75
79.58000183105469
79.80000305175781
79.95999908447266
80.33999633789062
80.58000183105469
80.7699966430664
80.80999755859375
80.98999786376953
80.94999694824219
81.19999694824219
81.2699966430664
81.3499984741211
81.45999908447266
81.58999633789062
81.62999725341797
81.80000305175781
82.16000366210938
82.19000244140625
82.37999725341797
82.4000015258789
82.58000183105469
82.69999694824219
82.6500015258789
82.7699966430664
